$ 1 0.000005 4.621633621589249 50 5 43 5e-11
v 16 64 16 16 0 0 40 3.3 0 0 0.5
g 16 64 16 80 0 0
207 16 16 16 -16 4 3v3
R -32 384 -80 384 0 2 40 2.5 2.5 0 0.5
r 128 384 192 384 0 100000
207 -32 384 0 384 4 Gate_in
d 208 448 208 400 2 default
w 192 384 208 384 0
w 208 384 208 400 0
g 208 448 208 464 0 0
t 240 384 272 384 0 1 -3.2994895885837034 0.0005104046148139145 100 default
w 208 384 240 384 0
w 272 400 272 432 0
g 272 432 272 448 0 0
r 272 288 272 336 0 1000
207 272 288 272 256 4 3v3
w 272 336 272 368 0
w 272 336 320 336 0
368 320 336 352 336 1 0 GPIO
d 96 224 96 288 2 default
s 496 -48 496 0 0 1 false
w 96 288 96 384 0
w 96 384 128 384 0
w 96 384 64 384 0
r 96 384 96 448 0 100000
g 96 448 96 464 0 0
v 192 0 192 -48 0 0 40 5 0 0 0.5
g 192 0 192 32 0 0
207 192 -48 192 -80 4 5v
207 448 -176 448 -208 4 5v
r 400 32 400 96 0 10000
207 64 336 64 304 4 Gate_in
c 336 48 336 96 0 1.0000000000000001e-7 0.003809507499332696 0.001
g 336 96 336 112 0 0
r 416 16 464 16 0 1000
g 400 96 400 112 0 0
w 464 16 496 16 0
w 352 16 336 16 0
w 336 16 336 48 0
w 336 16 288 16 0
207 288 16 256 16 4 btn_out
207 96 224 96 192 4 btn_out
w 352 16 400 16 0
w 400 16 400 32 0
w 416 16 400 16 0
207 496 -48 496 -80 4 5v
w 496 0 496 16 0
d 64 336 64 384 2 default
o 18 64 0 4099 5 0.00078125 0 5 40 0 40 3 31 0 31 3
